1	1	100	7.318030	7.547776	5.631023	4.001973	-2.554085	4.800343	4.244277	-1.800305	-7.185650	2.810780	1.295255	1.637455	0.788535	4.124381	-7.525419	5.281563	-6.751593	-1.348476	0.785912	-0.255378	-5.277860	-3.782679	-0.155253	-5.603242	-1.763898	0.427441	-0.664241	6.475485	-9.373432	-2.647157
2	1	100	6.610013	5.613659	4.344322	1.270208	0.681029	0.526597	3.638971	6.005676	1.456966	-7.329966	0.076833	5.285456	2.257183	-5.077927	4.284132	7.238244	-8.974232	-5.365016	0.674657	-1.943678	-7.363436	-1.127946	-0.867005	-5.813261	-2.379691	-7.250319	-4.255214	4.300110	-2.186285	8.006416
3	1	100	5.796525	2.793207	3.311608	8.382554	0.500501	0.282492	3.543445	3.226198	4.787933	-4.492728	4.668623	-7.401456	-2.607396	1.816353	-3.357135	6.748553	7.867678	-5.865203	-3.961759	8.334914	-11.216708	-2.465499	6.122829	-0.879774	-4.264641	4.229717	-0.862407	2.532718	2.020606	-0.844844
4	1	100	4.058386	6.909189	5.118967	0.621757	-0.122377	2.610260	-10.825685	3.856522	1.854113	5.331729	-1.075727	1.506336	-4.497450	-3.419808	-2.215045	8.549346	-0.994706	-6.859896	6.088343	1.898763	-6.584145	0.997213	3.068079	-2.902416	-1.216612	-5.794500	-2.785573	6.954825	-5.725453	0.671902
5	1	100	5.214987	2.286069	4.604399	4.716914	6.758610	-4.894300	-0.681705	1.831212	3.598908	4.932486	1.030719	4.251745	3.785288	1.407768	2.296679	7.158034	0.064487	-6.442771	-1.836191	-4.260919	1.835118	5.259301	4.592292	-1.114144	-0.892071	-5.341766	8.623334	0.669265	9.078266	6.308815
6	1	100	6.139508	4.107130	5.061823	-0.931175	2.393606	1.464458	-4.410330	-1.066911	4.457923	4.611922	-4.398618	5.380004	2.259679	6.091980	5.173465	8.246501	-1.729171	7.893556	6.469373	-0.435033	5.771735	0.661051	1.089642	-6.455767	1.084461	-12.254571	5.286925	-8.387818	6.658418	5.817733
7	1	100	5.096708	5.651559	8.029668	-5.630196	-2.263812	2.356590	-2.798676	4.534209	0.494809	-0.245076	-4.642815	2.386648	3.438844	-0.721512	2.969457	6.919064	-7.928350	-3.857166	7.245116	1.023348	-3.070987	-1.566824	1.485839	5.125887	-2.711007	-12.445743	-5.302089	8.218150	-3.451654	3.799599
8	1	100	5.957210	5.200444	5.947480	2.087610	4.551360	-0.002305	3.704811	4.046438	4.408929	1.671483	4.898401	3.252144	-7.802088	-1.239252	3.225124	5.976017	-0.428794	-7.459628	-1.341538	-1.020905	-0.276450	1.625052	3.953018	-7.661050	-0.273329	-6.024337	3.886780	4.956266	0.701614	5.931556
9	1	100	6.999004	3.441756	7.488314	2.980176	4.227040	-0.571892	1.365226	1.766812	-0.902562	4.377068	-0.237481	-0.468741	0.904520	1.779518	0.477553	6.912866	-2.287435	-1.888616	0.582045	4.405454	0.756421	2.795433	0.661879	5.446931	6.011835	-0.936338	1.138310	6.733197	-0.290825	5.837619
10	1	100	6.513293	5.444133	1.232407	4.850849	0.659499	2.600401	-2.788146	-6.468408	3.156734	1.646040	1.269430	-4.084263	2.085300	4.648655	-4.873467	7.117077	1.017643	-0.671212	0.762607	0.463793	-5.924859	-0.450726	3.500539	8.425707	-2.232929	3.618854	0.713780	5.621269	-7.845258	2.839849
11	2	32	4.415725	6.131170	3.929931	4.246693	3.867556	-8.825657	-10.144848	6.623387	5.697557	-0.025443	3.246021	-0.938094	-13.609404	1.333897	2.354250	6.800509	3.926944	0.593641	1.955526	1.890587	4.010443	7.320927	7.216949	7.892824	-0.440065	2.077749	7.065766	-4.114916	6.486829	6.944832
11	2	68	4.415725	6.131170	3.929931	4.246693	3.867556	-8.825657	-10.144848	6.623387	5.697557	-0.025443	3.246021	-0.938094	-13.609404	1.333897	2.354250	6.800509	3.926944	0.593641	1.955526	1.890587	4.010443	7.320927	7.216949	7.892824	-0.440065	2.077749	7.065766	1.940361	6.486829	6.944832
12	1	100	7.819491	0.119906	4.129530	0.224408	-5.068045	6.183570	1.130408	0.573259	-4.548568	-0.995266	4.682994	-2.423611	8.445825	4.609385	-7.072897	6.060063	6.925903	0.470059	6.760524	-0.942680	-3.252010	3.769506	5.198080	3.918787	-0.242074	5.697569	6.336788	5.400478	2.225845	2.700496
13	1	100	6.491383	5.324570	5.937402	3.077346	3.429765	2.243588	-1.149467	-3.239994	-4.904444	6.324966	3.436662	3.543957	2.625331	4.691609	-9.190722	3.539634	-2.279990	-3.770249	3.848380	-2.506252	2.333697	7.446170	5.654647	-1.389516	-4.626481	0.028831	2.008870	4.605715	2.325116	1.741242
14	1	100	4.902932	6.064087	7.352474	0.933478	-1.030294	2.176008	2.773042	-2.269411	4.507742	6.767959	-4.063208	4.759008	1.850139	-2.995742	-0.483910	8.435091	-11.013639	-0.239706	7.494009	-2.875091	-5.698715	-4.366107	-4.431538	-4.079603	-2.831530	-4.901575	-6.904924	6.580125	-2.414406	7.783257
15	1	100	7.156797	0.406544	4.252231	-3.733536	-7.454043	6.327394	-6.292196	-4.219760	-6.278726	4.625832	4.073670	-1.224628	4.964228	5.005810	-6.211774	2.406298	5.874786	4.118027	6.905931	-0.487095	-1.788450	1.247396	9.601649	-1.809826	-0.496129	4.868255	7.059373	-2.946840	-0.215888	-0.312152
16	1	100	6.882078	6.015975	-0.914391	4.648970	-1.022967	-0.494015	7.165052	-0.439959	4.731295	-0.432894	6.165582	-5.879472	-2.603494	3.564713	-1.924438	5.340303	4.725830	2.376870	-7.576804	1.647825	-3.518944	3.912644	-1.799529	-5.859109	0.002210	6.710694	7.250764	4.985612	2.076169	5.827859
17	1	100	7.129467	5.014043	6.495080	1.000887	1.127171	7.122872	2.146905	-3.476165	-1.716748	5.552769	0.169614	0.376359	4.375945	6.755658	-8.051221	7.115804	-4.097606	2.032939	4.547083	-0.511487	-2.481137	-5.898026	3.218920	-4.608471	-6.942427	-0.316713	-5.434933	6.424695	-3.879011	-1.385179
18	1	100	6.561113	5.679250	3.683331	3.175179	3.336077	0.028735	-1.392160	5.309263	6.643642	-5.979245	4.093268	0.959831	-10.124935	0.470310	-5.583781	6.853542	-1.015331	-5.613178	1.776404	2.818226	5.474392	8.192257	6.786160	5.805385	0.741956	1.689551	5.495680	9.167641	-0.221045	2.546918
19	1	100	5.952924	4.968009	6.795241	-0.817761	0.074388	1.606548	-2.357987	-1.398959	2.161924	7.781234	-2.343545	5.900467	4.932966	5.026928	-1.862265	7.199547	-7.210174	0.948474	5.955507	-0.160881	5.172501	-0.938034	-0.161337	0.906461	3.019505	-1.390257	-1.065193	-0.685090	-0.553455	5.987259
20	2	87	6.597891	2.000499	6.065478	1.367360	3.663667	4.600044	1.350349	-1.676822	-3.432961	4.756852	-2.303345	2.253352	0.584076	5.831635	-0.147431	5.699485	0.715514	2.240960	6.332347	-0.798082	-0.159618	-3.971540	-2.280773	-5.103241	-4.377373	2.940800	2.112772	-4.186512	-5.429784	5.075331
20	2	13	6.597891	2.000499	6.065478	1.367360	3.663667	4.600044	1.350349	-1.676822	-3.432961	4.756852	-2.303345	2.253352	0.584076	5.831635	-0.147431	5.699485	0.715514	2.240960	6.332348	-0.798076	-0.159618	-3.971540	-2.280773	-5.103241	-4.377361	2.940799	2.112772	2.058258	-5.429784	5.075331
21	1	100	7.337734	1.045966	3.120327	-2.547183	-10.913301	3.695437	3.207625	-10.387506	-1.019776	-2.474203	1.424191	2.626116	4.179228	3.019176	-8.147443	7.354427	-0.513439	5.319812	6.377678	-0.534926	-0.497600	-9.218818	4.132726	-15.803636	-4.167457	-0.629416	-0.102643	-5.225318	-2.449528	2.612441
22	1	100	6.367808	-4.078915	5.262988	-2.489109	-5.679090	0.138891	0.637440	3.359331	2.438724	-5.708655	-0.322218	3.886559	-0.259738	-1.358672	1.878712	5.432439	-3.145740	4.017222	5.327621	-1.323331	-7.059073	6.017618	0.122402	-9.453619	3.575509	-6.690089	-3.135984	5.118164	-0.112856	5.444882
23	1	100	8.078053	2.871722	-5.328014	1.766150	-4.513963	2.945720	5.391148	-8.302235	-5.382233	-3.737404	4.776249	-5.129947	6.755848	3.525403	-2.252801	4.889956	5.261954	8.158454	2.274513	-2.105476	-5.670059	-5.008557	2.618408	-6.729395	-11.927636	4.198713	-2.682094	6.197732	1.256383	6.254221
24	1	100	6.616331	3.855306	3.208996	8.240903	-3.651742	1.621118	4.984670	-1.776225	4.801896	-0.556041	0.723876	0.218144	3.325319	1.147397	0.256279	8.316592	5.113777	-2.533570	2.192463	0.786268	-6.099435	-3.514505	3.212780	-3.193386	-3.987606	-3.067768	-0.868379	3.437977	-0.905481	5.530242
25	1	100	8.966218	4.012948	0.718796	5.667151	-2.510982	-0.108708	6.387548	-3.160342	-1.848098	-0.076272	5.319735	-8.322881	2.264011	2.332846	-2.383308	5.330537	6.002048	3.171230	0.644709	-0.144382	0.677765	1.126658	1.671225	-4.188618	-5.980750	6.640601	3.194429	-1.889385	3.094892	6.003396
26	1	100	5.361462	4.751077	0.184119	1.087435	-3.278506	-1.013310	-2.312325	3.925926	2.859768	-1.289736	3.881781	0.256619	1.598726	-2.270658	-2.518693	6.394081	5.251676	2.209524	3.806634	5.284702	-12.372163	6.819472	6.034507	0.888665	4.416257	7.223746	6.763978	2.880543	4.335131	4.530358
27	1	100	4.914689	0.081542	8.195100	-6.228963	1.550343	4.537207	-1.144407	2.164560	-4.250042	3.727327	-5.377017	6.935065	0.378168	5.324373	0.657274	5.827624	0.980057	-0.832002	4.801332	-0.133535	-2.117147	-5.146370	0.631060	-0.911346	-0.284727	-3.504845	0.742954	5.859299	-5.584411	7.329634
28	1	100	6.106557	4.700157	0.497604	2.552636	0.740526	0.472933	5.116751	-0.408684	2.221522	3.570922	4.268175	-0.596466	-6.634275	0.626039	3.375540	6.688204	4.049922	3.605452	-1.317767	2.107941	1.109874	-1.604886	2.415620	-3.797330	2.922155	1.385498	1.844382	-5.818395	0.652563	6.637044
29	1	100	6.505896	4.077243	6.225771	-2.326466	3.760950	1.352867	-4.888060	5.692055	-0.846286	-2.476638	-3.214794	7.075798	0.609994	1.122543	5.291250	5.109232	-5.422920	-1.648697	1.025742	-2.072087	0.179727	0.411125	-0.273616	2.711929	5.750592	-11.008686	0.773839	8.055440	-4.537456	8.988762
30	1	100	4.623438	6.433566	5.373334	2.157043	5.601433	-0.683750	-5.689623	7.697120	2.131359	2.238772	-1.075646	4.241784	-3.314629	-7.293293	1.358228	6.762194	0.440855	-4.571494	-0.283944	3.158887	-0.948740	5.222107	3.267793	-2.737790	1.130309	-7.382433	2.791217	3.799784	4.398167	7.595116
31	1	100	6.481610	7.661029	-0.297215	5.086821	-1.806432	4.552909	7.051016	-4.877352	-1.761572	-0.522549	6.593763	-3.804823	-1.848834	-4.490062	-1.903006	8.639834	2.135209	1.826012	0.782534	0.034935	-8.895358	-0.898406	-1.133129	-3.221813	-1.122632	6.450676	6.852980	5.006242	-5.670116	6.662633
32	1	100	5.189926	7.881063	5.742108	1.170282	3.929418	-3.124013	1.550678	3.393394	6.200751	1.967666	-5.042455	4.718653	-10.369788	-8.864887	-4.662335	6.674829	-4.895079	-1.842389	7.744873	1.757026	-4.234079	-4.341686	1.705010	-4.806698	-0.380714	-3.107711	-3.357984	7.441231	-7.698280	1.113153
33	1	100	8.947449	3.633341	6.577483	3.154947	3.271593	0.544510	0.721159	2.309121	2.404072	-0.832898	2.369662	1.478097	0.765474	3.775134	0.616641	7.156143	-5.576111	-1.955211	-2.790037	2.308346	1.103620	-0.300902	3.894383	1.405982	-7.244634	-5.696417	-2.020549	5.052015	-0.998857	2.914237
34	1	100	6.401707	1.023023	6.745443	3.627560	3.677407	4.509104	3.253649	-3.959457	5.439528	5.832760	-0.710840	1.490186	-3.012395	1.030166	-0.141397	7.192496	4.285941	0.786707	1.303583	-1.515694	2.038108	-3.658612	-2.579458	0.813044	2.040898	5.385928	3.320283	-1.438182	-0.440505	6.276873
35	1	100	6.390675	2.997100	4.832902	5.662487	2.881683	-0.801827	0.533907	-1.504315	4.813546	4.649365	-0.051730	-5.597182	3.118189	2.532046	2.111182	7.091990	2.391345	-3.715547	-5.359064	0.860695	7.374267	1.249356	-0.544599	5.755595	1.247159	-4.546178	5.402509	6.352859	-0.771716	7.457965
36	1	100	8.433777	1.066636	3.017432	5.740638	-4.916525	1.792180	5.507441	-2.449034	0.005346	0.098482	5.730580	-4.758991	2.085139	-2.269558	-1.086609	7.352611	-0.133862	2.835054	3.243329	1.100472	-17.174749	-4.694112	2.792135	-5.777753	-3.965500	3.958345	-2.972096	-2.187604	-0.465246	3.178748
37	1	100	7.176173	4.067069	-0.285276	8.119110	-1.182306	-2.448395	3.416697	1.333966	3.679254	2.725981	3.616291	-6.180739	-4.401185	2.316917	1.341094	7.878769	6.610341	-0.387926	-2.444554	4.929212	2.238929	1.216718	3.578266	-2.865698	1.906717	-1.622018	5.369106	6.818895	1.079428	3.825083
38	2	89	1.487687	3.738063	7.380219	-9.738934	6.421735	-5.302951	-11.681938	3.106265	5.224481	1.997010	-12.181083	6.432395	-4.408594	-8.133781	8.623740	5.139153	-4.708750	-1.253888	-0.398286	-5.072082	-5.462952	-0.610928	0.464348	0.072268	-3.187641	-9.668220	0.326852	-2.037214	-4.893905	7.132902
38	2	11	1.487687	3.738063	7.380219	-9.738934	6.421735	-5.302951	-11.681938	3.106265	5.224481	1.997010	-12.181083	6.432395	-4.408594	-8.133781	8.623740	5.139153	-4.708750	-1.253888	-0.398286	-5.072082	-5.462952	-0.610928	0.464348	0.072268	-3.187641	-9.668220	0.326852	4.441007	-4.893905	7.132902
39	1	100	6.421589	4.704018	6.351430	3.227903	8.070999	-3.143734	1.908586	4.254970	7.319545	-0.414333	0.128737	2.112288	-9.025047	-5.436123	4.200845	7.883624	2.015354	-2.324087	-3.473485	-0.387730	-7.427100	-1.213703	-2.519041	-4.024022	1.645397	-2.851282	0.406148	6.882551	-0.595071	5.497476
40	1	100	4.545464	6.067367	9.209460	-7.272758	-1.181293	3.762805	-0.838535	3.142520	1.375716	2.819643	-9.363317	8.930776	0.310708	-3.810789	-4.287321	8.664487	-8.684671	-1.378768	3.076324	0.398583	-4.635823	-1.325784	0.750114	-1.960754	2.919346	-3.974568	1.465822	6.956988	-4.234034	-3.125637
41	1	100	8.909750	0.764279	-1.181870	-3.033778	-14.263739	0.593539	-0.085075	-3.489437	-4.073700	2.739299	1.805060	-4.387252	7.559410	7.814610	-3.046359	4.274959	6.791290	6.067012	3.925085	-1.469693	2.567724	1.941478	5.513362	-1.868585	3.975703	2.165162	4.973879	-8.048831	7.464564	3.884398
42	2	79	4.547105	1.773670	5.744826	-2.712984	-2.221433	2.794170	-4.612833	7.242282	-0.478974	0.645985	-7.666976	7.100851	-4.751435	-4.929713	2.659586	5.167388	1.277141	-5.098587	5.672371	-0.793482	-3.853011	-2.952981	1.927833	-3.997958	0.620032	-6.772553	1.346957	-0.325201	0.711092	5.957822
42	2	21	4.547105	1.773670	5.744826	-2.712984	-2.221433	2.794170	-4.612833	7.242282	-0.478974	0.645985	-7.666976	7.100851	-4.751435	-4.929713	2.659586	5.167388	1.277141	-5.098587	5.672371	-0.793482	-3.853011	-2.952981	1.927833	-3.997958	0.620032	-6.772553	1.346957	6.246474	0.711085	5.957822
43	1	100	7.446723	5.352050	0.899911	7.935212	3.223223	-2.012433	2.506639	-1.009426	-4.058850	-2.361938	9.358185	-8.815381	-0.439038	1.772380	-5.598435	8.107006	5.422049	0.613243	1.575844	-2.036543	0.495536	6.446668	5.356557	-1.904660	-7.564513	6.701057	6.885369	0.919345	4.601560	2.046035
44	1	100	5.831464	7.975099	5.071929	2.971095	5.933757	-0.459092	0.627002	4.894775	2.440412	4.403745	4.173429	-5.136850	-2.669275	2.080465	-7.037824	4.980864	-0.868567	-10.060300	-0.885339	6.367175	-3.939150	-5.939876	1.273700	-0.918484	-5.679693	2.622242	-2.363914	4.881859	-7.819384	0.652919
45	1	100	6.678394	3.137554	5.277339	1.226842	3.399980	-1.804092	1.891292	7.967826	5.846055	1.075508	5.729025	-3.479483	2.121820	-2.404093	5.275231	6.878499	2.288119	-1.998116	-2.063212	-0.474400	1.136338	5.796394	3.879010	2.256434	-3.797518	-2.226850	6.025328	-0.784489	6.920181	6.127600
46	1	100	4.238551	2.609721	7.614225	-3.715024	1.160539	3.717643	6.576151	3.237982	2.590493	1.420411	-7.004344	7.202650	-1.777575	-1.428169	2.799324	8.057751	0.525125	-0.291091	6.792493	-0.530225	-6.143981	-10.615820	-5.372183	-11.713242	-6.836233	-1.546286	-2.556906	6.927518	-6.086391	7.602229
47	1	100	6.928515	6.889934	3.478811	5.632626	4.271959	2.154309	5.021283	-5.826478	-1.520861	-4.886437	-0.394214	-4.425193	0.118733	-1.956806	-6.608420	6.446273	3.382578	0.692809	0.809982	-2.471840	2.994034	0.584199	-2.428026	2.616086	2.675943	0.827344	6.447742	-11.509369	4.868875	6.701489
48	1	100	6.534736	5.639873	1.570531	4.959796	-1.384361	1.447329	5.570780	2.602955	-0.781086	1.404326	3.576694	-6.245936	-4.938056	-1.848496	1.388410	7.229491	0.599701	-3.560726	-2.268402	9.539063	-6.728136	2.629034	0.263914	2.342143	3.461706	4.387629	4.914197	6.099864	1.016037	6.374949
49	1	100	6.902614	5.993780	1.768043	4.485053	1.461031	-0.949947	3.295278	1.899286	4.153538	-4.856725	2.940477	-6.735342	0.300524	-2.447135	-0.352057	4.863266	2.523945	3.361299	2.392605	0.713177	-2.046639	-1.534684	3.283210	-4.030136	5.363251	4.856395	4.323026	-6.835218	3.406083	6.599082
50	2	97	4.857884	6.820405	6.789735	1.218253	8.435677	0.036025	2.748163	6.511229	5.780517	-0.471857	-0.680731	6.661267	-5.687926	-4.890251	-9.712428	7.799091	-5.138995	-1.216149	1.227197	3.707119	-5.378917	-4.774194	3.454847	-10.731041	0.292098	-2.104574	-9.547701	-1.980857	-5.413962	0.849651
50	2	3	4.857884	6.820405	6.789735	1.218253	8.435677	0.036025	2.748163	6.511229	5.780517	-0.471857	-0.680731	6.661267	-5.687926	-4.890251	-9.712428	7.799091	-5.138995	-1.216149	1.227197	3.707119	-5.378619	-4.774194	3.454846	-10.731041	0.292098	-2.104574	-9.547701	4.365643	-5.413965	0.849651
51	1	100	2.485988	5.895838	6.469120	-1.264563	2.916588	-5.384724	0.390680	8.928209	2.648735	1.561925	-2.983295	6.975493	-3.510526	0.139723	2.141136	6.823320	-3.136591	-2.657928	-2.253528	2.013924	2.124816	2.952379	1.068194	-2.523193	3.560087	-6.622970	1.305157	6.289374	-0.758625	3.301112
52	1	100	6.949616	1.533767	4.885869	3.514705	1.901493	4.087059	3.387452	1.246395	0.172759	3.527761	6.058158	-3.273674	-1.701293	1.483137	-4.496895	6.523401	4.012026	-1.703119	3.925128	0.656521	-3.308199	-1.750004	-1.151038	-6.331782	-5.223007	5.192908	-0.625660	4.169873	-4.608341	-2.344156
53	1	100	5.897921	5.613410	-0.016866	-2.729329	-5.793018	-2.809433	1.350016	-2.211905	-5.285309	-0.017679	2.945913	1.039344	6.271341	-3.036962	-5.236036	4.274568	4.025970	6.493855	0.415853	-4.697245	-11.998124	7.167699	7.319527	-8.294320	-1.691357	4.971192	6.992921	-6.241851	2.837958	2.694932
54	1	100	6.389974	6.644250	4.822549	1.205516	2.087652	0.280421	-0.608834	1.476922	5.464047	1.376620	0.543277	5.398490	5.165636	-4.308453	-1.182134	6.239201	-5.242787	5.239664	0.691534	-1.074414	-1.995290	-4.787177	2.384082	-4.465651	0.129267	0.121267	-2.370858	-7.070846	-4.501245	4.284334
55	1	100	5.024259	7.668682	5.729178	3.026156	4.181888	1.390218	-3.590935	4.479415	1.547808	0.081146	0.349153	2.075519	-2.281952	1.272437	2.666563	5.855796	-3.036884	-12.266522	-2.649021	2.717336	0.504305	2.996475	1.476861	6.697398	1.554904	-4.559644	0.550760	8.320244	-1.293821	6.276764
56	1	100	3.766796	6.477177	6.949485	-2.626343	0.189434	5.787995	-2.175267	4.776958	-6.904528	-0.738694	-9.267383	3.242493	-1.194661	-1.740061	-0.024975	6.119259	-2.963033	-0.515262	7.313572	5.638463	-8.801306	-0.244965	0.406228	2.189586	-1.877498	1.977543	-0.855465	7.263022	-3.476464	6.523703
57	1	100	3.328820	5.132021	6.926379	-2.745761	1.299789	5.768981	-4.903065	-5.218374	-2.981050	6.478561	-9.388061	6.252819	0.236818	-1.103331	4.299471	4.427888	-3.951911	3.268952	5.271017	-3.705774	-8.455626	-4.922615	1.169306	0.771243	-3.492554	-11.772760	-5.915660	6.919910	-5.520064	6.953709
58	1	100	4.812024	6.913390	5.522014	3.776521	5.366508	-5.800324	0.350617	4.015482	3.764055	1.463378	-0.046149	-2.761425	-13.314146	0.863356	-0.003848	9.043867	-3.598971	-10.127690	-4.819348	1.806191	1.225826	6.013207	-0.604012	0.839191	3.642376	-6.264130	0.949442	7.200507	-3.747729	4.381232
59	1	100	2.515868	8.097018	5.320791	0.323814	-0.147711	0.218601	-6.534972	6.953802	6.596180	-0.457544	3.516860	4.229594	-4.077323	-3.695809	-3.324232	6.614244	-9.117336	-5.247808	1.392082	-5.401224	-7.486738	6.479251	6.649788	-1.403086	-7.166141	-0.560664	0.716863	-4.792169	5.002271	-2.826367
60	1	100	9.665332	4.780278	6.511105	5.146090	2.072981	4.772435	4.312700	-2.064316	-2.990714	1.904130	2.826521	-0.001347	4.164023	6.018112	-6.391191	5.783185	5.007987	-2.466286	1.270824	1.274617	4.174915	-3.915543	2.482491	-4.293859	1.089601	5.999546	1.721318	6.855613	-3.954971	-0.321820
61	1	100	8.418513	2.066949	1.705016	5.336387	-6.898035	0.828429	6.136927	-3.858142	-3.049474	-0.917356	7.217340	-4.909114	0.890648	1.536014	0.478698	6.541129	3.747879	5.082425	-5.338562	-0.066361	-6.985566	0.858895	1.097356	-4.582885	-1.138110	3.559722	1.445797	-6.315017	7.083499	7.059469
62	2	91	5.952274	5.236174	6.479035	3.630198	3.082649	3.651681	4.745780	-1.202217	3.745029	2.884088	-3.606246	-0.471879	-1.668834	-2.787334	4.101539	6.943869	-3.230347	0.581814	-0.212932	-1.242965	-3.201418	-6.284313	-3.760301	-1.115833	-0.695967	-4.213062	-0.442610	-0.292963	-4.339615	8.664731
62	2	9	5.952274	5.236174	6.479035	3.630198	3.082649	3.651681	4.745780	-1.202217	3.745030	2.884088	-3.606246	-0.471879	-1.668834	-2.787334	4.101539	6.943869	-3.230293	0.581814	-0.212932	-1.242965	-3.201418	-6.284313	-3.760301	-1.115833	-0.695968	-4.213010	-0.442610	5.823858	-4.339615	8.664731
63	1	100	7.244102	0.912262	5.950128	3.156005	4.555939	-0.246620	0.173578	5.454323	-0.089670	2.995661	5.539076	-3.730847	0.350426	-2.834727	-3.879137	5.605296	2.405423	-0.512217	-4.966134	-0.316147	-2.010954	7.353274	5.109843	-1.200506	4.291120	5.573250	4.956969	7.309318	-0.836350	-0.820100
64	1	100	8.026420	1.639764	-0.270860	5.233308	-9.525461	1.727366	9.362791	-8.336589	-0.697471	-6.604348	2.833143	-8.509875	0.832247	3.483695	-4.726921	6.264498	7.150012	-0.634820	-1.225074	0.431244	-7.431620	-3.059049	1.463649	-1.624857	-0.716301	6.101021	1.923973	6.913090	-4.590364	3.016575
65	1	100	6.605738	-1.564705	4.684420	2.004781	4.818748	0.541296	0.125134	-3.879328	-2.607208	4.751198	2.611524	4.810730	6.739741	3.548792	2.636363	4.989691	0.664906	1.018371	-2.969573	-8.033281	-2.901931	3.250677	4.488599	-3.057730	-11.957571	2.613979	2.144094	-8.146172	6.667406	4.518732
66	2	87	3.102180	8.590375	7.956654	-5.759416	1.682288	3.173559	-2.053381	5.991741	1.766459	1.222384	-5.490668	7.010500	0.287854	-2.378801	-2.177077	7.799557	-3.040888	-5.112851	7.823301	-0.375434	7.274879	-4.630338	-1.060263	-4.833028	4.174134	-5.738623	3.470685	-0.213369	-9.536655	1.661858
66	2	13	3.102180	8.590375	7.956654	-5.759416	1.682288	3.173559	-2.053381	5.991741	1.766459	1.222384	-5.490668	7.010500	0.287854	-2.378801	-2.177077	7.799557	-3.040888	-5.112851	7.823301	-0.375434	7.274879	-4.630338	-1.060263	-4.833028	4.174134	-5.738623	3.470685	5.992395	-9.536655	1.661858
67	1	100	6.115273	7.726730	6.262456	1.998024	5.136399	4.058167	2.509907	-0.197766	0.617633	5.061217	-2.878755	5.541552	0.070226	-1.317575	-2.998256	7.619805	-2.406741	-3.878248	-0.512592	-3.746869	-0.060379	-4.961471	-5.188847	-0.428610	-4.957621	-2.863066	-2.706405	7.403133	-6.213325	5.345221
68	2	88	6.063962	6.057066	4.958405	2.651657	0.619361	4.923095	5.278394	-1.862123	-4.179326	-1.101205	2.790706	5.262813	2.108573	-7.266835	-3.599784	5.064697	-0.054318	-3.007123	3.403724	3.943224	-11.880179	1.548951	2.978028	-13.851603	1.687085	6.266626	3.354602	0.332294	-0.175217	0.941432
68	2	12	6.063962	6.057066	4.958405	2.651657	0.619361	4.923095	5.278394	-1.862123	-4.179326	-1.101205	2.790706	5.262813	2.108573	-7.266835	-3.599784	5.064697	-0.054318	-3.007123	3.403724	3.943224	-11.880179	1.548951	2.978028	-13.851603	1.687085	6.266626	3.354602	6.380675	-0.175217	0.941432
69	1	100	3.101486	6.582615	5.822922	-2.381221	-0.030603	0.725117	-2.292475	3.560126	5.938736	0.825950	-4.632705	5.751920	-4.067111	0.314278	-1.192116	6.690534	-5.669846	1.226203	4.713569	0.916404	-7.600438	-3.008750	1.554320	-0.047382	-0.754885	-5.318620	-4.660327	7.650586	-6.261594	6.402154
70	1	100	6.331206	7.018987	7.765246	0.758710	2.513590	-0.452288	-1.350709	-0.134668	4.943131	1.674569	0.545532	0.192575	6.376759	3.107459	4.239918	6.615104	-6.737215	-2.095891	-0.954131	-1.623829	-0.433823	-4.462745	-0.343918	6.601087	-1.964274	-10.130794	-3.508360	5.452433	-5.257735	6.429947
71	1	100	6.839715	2.059368	3.520895	6.350887	0.892348	8.774055	4.482954	-2.073509	-8.872406	-2.747596	5.369891	-6.944306	1.972226	1.667027	-1.584497	3.875002	4.120280	2.782119	1.152324	2.260108	-0.587452	-5.839029	-0.221988	-8.908295	-6.520986	4.590149	-1.477831	0.442015	-12.107728	1.142639
72	1	100	5.769811	7.061812	7.322546	-1.901589	3.858670	-2.855602	-0.870991	0.535475	2.068120	7.552080	-9.589897	5.099866	3.521078	3.227268	0.019337	4.800893	-5.882210	-1.578110	0.653307	-1.662173	7.160055	-0.284647	0.438374	4.668841	-5.672081	-10.147883	2.579986	6.296401	-6.070549	6.371442
73	2	84	6.609670	6.550399	6.234333	5.782578	2.114836	2.440226	1.853618	1.898216	4.600650	1.625230	2.292091	-3.401468	-5.033495	-1.472369	-7.220813	9.793312	-2.800027	-7.489292	0.698949	4.968689	-5.573059	1.593496	2.664965	1.703729	5.103063	3.990263	8.419545	-0.643213	-0.874626	2.643497
73	2	16	6.609670	6.550399	6.234333	5.782578	2.114836	2.440226	1.853618	1.898216	4.600650	1.625230	2.292091	-3.401468	-5.033495	-1.472369	-7.220813	9.793312	-2.800027	-7.489292	0.698949	4.968689	-5.573059	1.593496	2.664965	1.703729	5.103063	3.990263	8.419545	5.801723	-0.874626	2.643497
74	1	100	7.663241	3.878035	3.222355	4.565075	-2.591642	3.247607	6.638779	0.877066	0.374971	-7.403443	6.612428	-5.930381	1.871544	-5.736254	0.523879	9.023080	6.576620	-3.576117	2.166048	4.315576	-12.580344	-5.617893	1.416887	-2.153653	0.169987	4.928087	0.588354	8.087973	-3.883806	7.642658
75	1	100	4.053059	6.759931	5.261002	-1.970825	4.102100	-0.675547	-12.179618	4.002538	0.253753	2.568994	-4.847126	2.177134	-0.601050	-0.182707	2.434700	4.184850	0.386339	1.975160	2.434069	0.596741	6.450973	6.577815	0.501664	0.077739	3.338242	-6.419203	7.195591	2.127588	-4.487660	3.655596
76	1	100	5.996158	-0.057310	6.312620	-5.384635	-0.126981	6.345028	-0.075291	-0.496765	-2.702119	7.520648	-7.107462	7.868429	5.125253	3.477994	2.182294	6.397055	-2.139097	-1.193059	0.881489	-1.522386	-0.710350	-4.326291	0.994191	0.111917	-6.478758	-8.102847	-6.398175	8.602126	-3.010407	9.004575
77	1	100	4.502415	6.484422	6.354563	-5.448559	-0.256101	2.009898	-1.572343	1.630385	0.525613	2.103966	-0.841694	5.751115	-0.885675	3.005192	-1.298131	0.857108	-4.526755	4.707020	7.077067	-4.773520	-5.661301	0.224772	1.965339	-9.687035	-2.292674	-0.106635	-6.499050	4.066826	-4.969072	3.153057
78	1	100	5.593184	6.000700	0.384820	4.279851	0.850938	-1.122574	2.728159	4.758760	5.561386	-6.704940	4.658764	-5.718832	-5.615911	-2.916340	-8.972614	4.388764	0.676216	-3.949004	-5.105455	6.749642	-0.390502	2.500732	4.195472	0.535607	1.278563	8.206436	5.271379	-3.930628	1.450383	1.801701
79	1	100	5.993125	7.646910	5.294074	-1.309352	-3.342166	2.067286	-2.384447	4.207883	0.248712	-1.461925	-4.558945	5.477445	-4.827244	-3.011475	6.466614	4.480069	-9.306957	1.581832	5.712949	-1.024259	-9.908291	-0.397277	2.168135	0.167236	-2.403511	-9.878018	-2.870718	-6.456342	-6.006859	1.347778
80	1	100	5.853064	4.730123	6.178508	0.127072	2.748936	1.299395	-5.654784	3.165840	3.149937	0.560602	4.780566	-2.853949	-1.122065	4.185226	-9.243288	8.451615	4.500129	-3.798271	6.786141	-1.006226	-0.172266	5.041816	7.533057	0.493952	1.965913	7.244151	5.013208	4.866193	-0.641255	0.526859
81	1	100	6.086865	7.145754	5.486268	-2.501402	4.258943	-0.554632	-2.504219	6.854248	3.069418	-0.293617	-3.519380	0.265564	-2.598558	2.626148	-2.690602	6.831835	0.789858	2.015865	1.366422	-1.954818	1.531355	-1.806223	0.794227	-5.057924	0.157481	0.045873	-0.657320	5.266080	-7.212435	-1.841697
82	1	100	5.058879	6.676385	6.999998	-4.416959	-4.522386	-1.739386	-0.906537	5.746797	-0.226467	1.657101	-8.436534	6.722178	-3.820821	-0.309002	4.602401	6.966811	0.144108	-5.941693	2.452984	3.128709	-0.650262	-0.317103	1.091322	-1.499042	-1.255351	-5.358689	0.689735	6.765073	-3.556642	2.878240
83	1	100	7.246945	6.264962	5.591783	5.628930	4.700970	-1.240226	-2.580317	0.095999	3.282760	0.348906	3.406867	-0.849254	-0.137047	2.747345	-7.519685	5.617348	3.865694	4.130316	-3.371067	-4.322513	0.214905	7.709838	5.479146	-6.254972	0.285265	8.404349	6.893030	-5.338295	-1.124112	0.668906
84	1	100	6.273673	7.155326	2.967828	3.098540	0.541497	1.722345	2.775948	-2.203997	1.926676	-1.233361	2.111479	3.124352	-5.618020	3.357148	-0.846469	5.938433	0.645856	0.297896	2.410697	2.959126	-4.423316	-3.576820	2.420714	-1.890967	4.583384	2.584795	3.014870	6.047261	1.881820	6.173963
85	2	93	5.336401	4.846207	4.949899	1.915248	-0.078374	4.788888	4.362725	1.815909	1.747252	-2.128051	0.643669	2.348254	-0.713377	-2.632009	-3.087717	7.635876	2.467130	1.633292	1.947470	3.774498	-8.686779	-5.469641	0.997675	-11.482449	3.439249	5.137704	2.727660	5.154551	-4.746265	3.218665
85	2	7	5.336401	4.846207	4.949899	1.915248	-0.078374	4.788888	4.362725	1.815909	1.747252	-2.128051	0.643669	2.348254	-0.713377	-2.632009	-3.087717	7.635876	2.467130	1.633292	1.947470	3.774498	-8.684791	-5.469641	0.997675	-11.482449	3.439249	5.137703	2.727660	-1.063514	-4.746265	3.218665
86	1	100	6.006722	7.929328	0.595910	6.708569	4.062159	-7.967759	-4.874904	1.009751	5.564232	-0.325503	3.677100	-3.623163	-4.617486	5.787117	-6.016015	7.199544	1.796229	0.072656	-4.673545	1.652951	-1.357018	6.327176	5.865919	3.562982	0.377384	8.320892	5.301546	-7.527536	3.291841	0.190561
87	1	100	5.843878	6.603545	4.662035	-6.054989	-7.067408	1.890457	-0.485027	3.610362	-1.772221	0.662917	5.146540	5.466563	-0.368982	1.882697	-0.213095	5.456773	-0.838730	-2.634257	6.589840	0.896155	-7.953800	6.451957	6.451997	0.127369	-0.147932	5.081839	5.434090	-6.591832	4.921316	5.418566
88	1	100	6.647557	-3.736113	5.972061	-1.822444	-4.093733	6.320894	5.966062	0.564190	-6.900697	3.595199	-3.242335	1.014034	7.046412	1.715864	2.413765	4.355503	3.559757	3.786650	5.929426	5.701258	-1.085716	-9.935872	-1.059677	-9.075333	5.123203	-0.166316	0.396280	-1.130529	-5.835724	3.042555
89	1	100	7.118789	5.499486	4.685214	-0.969122	-5.945492	2.723335	7.158588	0.539524	0.190845	-2.401021	6.142013	5.097882	4.721170	-1.762926	-2.832355	7.578431	-0.389792	6.686696	4.143304	-3.189018	-15.359899	-5.977757	-0.638741	-11.997914	-11.327611	5.003638	-3.908153	2.434653	-1.279705	2.427952
90	1	100	9.132388	-0.914255	-2.617716	9.418818	-2.420547	0.454956	6.608079	-0.609616	1.468365	-1.843803	6.111397	-2.172377	-1.498071	-3.174449	1.045463	7.841804	8.139317	-0.287083	0.028537	4.156428	-9.735775	-5.733662	-1.155581	3.735705	-3.880263	1.064661	0.600974	6.392656	-5.051301	4.609269
91	1	100	6.842089	0.488492	1.139269	6.077372	-0.691971	-2.250869	5.775773	1.254494	4.813271	-7.069254	7.283729	-7.596812	2.441136	-1.253895	5.836531	8.380023	6.167930	-2.742067	-6.180703	4.883585	-10.271888	1.376275	-1.426043	4.308603	-4.413347	1.960667	1.079313	6.801787	-0.936659	6.265236
92	1	100	4.898452	7.806951	7.834339	-8.268137	2.553474	-3.506955	-6.746966	3.342928	6.494029	0.823013	-7.918826	5.604052	-4.023569	-1.064884	0.820791	6.567235	-13.512001	-2.531965	2.856656	-3.559801	-2.835322	1.961511	1.265400	3.495431	-2.886171	-8.495362	1.398963	-6.819738	4.295555	6.054004
93	1	100	6.791648	5.715319	2.157717	2.276924	-5.342484	-0.823689	4.580686	-8.142711	1.364996	1.047784	5.624650	-0.468481	1.363186	1.998567	2.007564	6.936661	-0.570132	5.002373	0.920941	4.061004	-3.113845	-0.039199	0.845631	0.114713	-2.927757	0.119836	2.215581	-4.574889	-5.512494	6.064185
94	1	100	6.919388	6.571927	2.820296	5.717390	3.280654	1.089325	4.329796	-0.107689	-0.098952	0.724686	-1.166298	-7.775841	1.095021	-0.134311	1.106203	6.757793	2.839308	4.640886	0.063735	-0.967404	-2.271441	-0.858829	-0.617806	-4.002689	-5.140264	2.420804	0.518549	-4.001068	-0.411969	6.119372
95	1	100	6.199800	6.921910	6.403384	2.132871	5.720819	-2.186427	-1.211308	0.368697	1.842316	1.049616	-0.776840	1.789360	-0.926987	0.631948	0.759720	6.871911	-8.343341	-1.881466	-4.744159	-0.634255	-2.279726	4.907658	-0.462108	6.649969	-3.042902	-5.103146	0.726164	-0.142774	2.512465	6.877825
96	1	100	6.225052	3.086518	6.653484	-1.465177	4.837347	0.892752	-3.679145	6.167209	4.030672	1.521745	-4.738218	1.715253	-0.177678	2.211287	3.233384	7.055076	0.891743	-0.231175	3.249378	2.681128	6.568223	1.294701	-1.089632	3.543657	5.347910	-5.463107	4.777906	6.502139	-3.047167	6.829700
97	2	65	7.173337	6.033524	2.399688	3.459226	4.814652	-0.877114	-2.565812	-2.816084	5.501729	2.809683	5.500240	-2.477416	-1.203267	6.207412	-4.211827	7.600374	3.340358	1.524198	-4.525194	1.226051	1.360037	5.277938	6.309266	-1.628677	-0.786197	6.770446	3.117922	0.517624	0.965727	1.803310
97	2	35	7.173337	6.033524	2.399688	3.459226	4.814652	-0.877114	-2.565812	-2.816084	5.501729	2.809683	5.500240	-2.477416	-1.203267	6.207412	-4.211827	7.600374	3.340358	1.524198	-4.525194	1.226051	1.360037	5.277938	6.309266	-1.628677	-0.786197	6.770446	3.117922	-4.817049	0.965727	1.803310
98	1	100	5.958131	6.974186	6.647852	2.043331	4.282174	-0.385028	-3.462735	6.839287	6.334473	-0.115719	-8.664036	7.253041	-5.236456	1.566509	-0.111540	7.844237	-7.279641	0.322794	1.774390	-1.845647	0.210889	0.793788	0.094631	-2.795759	-5.703804	-8.386321	-1.379828	5.397646	-7.995724	1.310193
99	1	100	6.008019	9.643133	5.298254	1.047075	5.875221	2.440115	-5.143133	3.433058	-0.214301	0.997417	-2.350214	2.256014	-4.191764	-1.751229	-1.050051	6.022640	-4.947440	-8.957149	1.211867	2.683436	1.394504	1.516920	-2.302314	2.847702	4.658545	-1.956645	5.198581	6.655894	-4.100603	3.920210
100	1	100	3.841914	4.297693	4.058234	-3.901493	-1.397665	0.690653	-7.319505	6.263498	2.994490	2.969458	-3.882887	5.361411	-0.514311	-2.684704	2.868525	3.662959	-3.744397	3.054465	-0.199967	-0.691083	-5.049446	-4.168002	0.745978	-2.171493	-0.263964	-12.549017	-1.699873	5.472003	-3.105857	6.298058
