1	1	6.686279	4.189381	4.775574	-0.658294	1.261549	7.097025	4.410383	3.155951	-3.738775	4.492851	-6.207142	2.559896	5.784884	8.020501	-1.423389	7.567268	0.539366	6.262488	5.760262	-3.287092	5.436763	-1.943147	5.670730	2.401571	1.560103	6.340944	7.037387	3.611107	5.975234	-5.361261
2	1	8.539845	4.279554	1.878131	-2.337057	-8.507470	1.915578	0.861418	-6.206653	-1.991065	-4.295008	0.449705	-3.842066	-13.858862	-2.025018	3.272512	7.454307	-4.404535	-1.926346	2.730525	-1.200004	-3.630766	6.616550	3.578628	-4.457514	2.815547	-0.321225	-0.629112	5.608657	5.067760	7.407494
3	1	6.681958	7.935806	3.024298	0.784363	-4.812479	5.301620	-4.886066	5.055058	-8.717699	2.244073	6.134496	1.831819	5.252098	3.408647	-1.190013	7.909684	-4.684041	4.131588	5.898873	-7.732729	4.068836	1.599147	6.633271	-5.687921	-2.273241	-2.479839	-2.057340	4.788486	2.411477	4.723017
4	1	5.800549	0.867287	7.293942	1.110362	7.784851	-5.575316	4.927447	-5.639008	3.273633	-1.786485	-5.334013	0.218266	-3.164252	-0.569751	4.057746	6.860383	-1.837517	4.075219	-9.392968	6.549210	-6.184107	-1.624770	3.936853	4.397726	0.223192	3.769807	5.964057	-1.410946	7.168976	-4.319894
5	1	6.123999	7.306771	7.408319	-0.802607	0.511761	-1.505328	3.931926	-2.545463	7.074964	-1.935384	-0.686310	7.926445	-3.540441	-0.570105	-0.482933	3.323676	3.997424	4.776755	-4.964535	8.027515	-8.580275	6.486882	5.885245	7.792244	-6.894795	1.383210	4.231492	-4.747537	2.009515	-1.942971
6	1	6.356606	4.135446	1.830752	-3.147164	-4.893876	2.410627	1.563099	6.785626	0.566257	-0.379955	-0.381425	2.095511	-0.088383	2.209882	5.376769	3.539687	-0.200656	5.339873	8.475015	-2.135485	1.140716	0.223485	2.764105	2.414778	4.021826	6.584338	8.699368	5.998166	6.180526	-0.139572
7	1	4.298516	4.754156	6.384966	7.795738	2.787920	2.425782	-1.197939	0.322313	-5.418415	0.791481	-2.422714	-4.085825	5.080223	-9.007261	4.970870	6.583884	6.320404	-1.415263	-0.597034	-3.778805	4.100481	-3.730265	-1.197360	-2.337018	3.890239	2.005432	8.068193	-2.584971	8.426617	-7.720959
8	1	6.720357	4.920865	5.986123	3.463448	5.456739	-4.986715	-0.266828	-4.416419	-1.410428	-2.344316	-1.007961	-0.655013	1.359034	-4.632806	4.372298	9.022199	5.621339	2.573661	-4.534504	-0.227485	-3.128607	-1.307971	0.029287	4.312661	1.558932	0.293057	4.997804	1.582121	8.250468	-1.700963
9	1	6.703614	2.369357	-0.376724	0.863321	-2.718918	-3.518166	-0.664224	-4.233847	2.323196	-2.098018	1.210523	-2.086142	-1.448671	-1.929524	2.916134	7.806694	-1.274481	3.509183	0.015123	0.837209	-0.452646	5.840966	1.880903	-6.022246	2.860771	0.821176	2.327993	-1.504178	5.507249	6.019222
10	1	6.824698	7.648467	-1.448800	-0.390847	-7.623874	7.011223	0.369259	0.546314	-0.271897	0.109840	1.722614	-5.256607	1.334531	-0.870117	-5.363260	7.883281	0.072567	-5.582801	2.994681	-7.046436	0.820014	4.730678	0.218592	-0.562762	4.015772	3.287270	3.637548	7.929144	7.088341	-5.361673
11	1	6.081266	5.095594	4.469874	6.298519	-0.571449	2.960553	-4.031911	-1.899231	-1.320049	-5.039235	6.983920	3.529600	2.177240	-7.434288	2.092797	9.690944	2.430400	7.734519	-5.886024	1.152673	-0.798031	2.380928	3.482176	-4.961093	-6.270786	-4.044404	0.394070	-1.629882	2.330386	5.845042
12	1	5.767281	3.647363	9.376318	2.736007	5.926544	-6.927945	-0.238732	-1.299013	6.897379	0.047041	-1.970562	2.375419	3.898025	-3.420541	0.702550	5.344953	4.633879	6.842782	-7.235745	6.515510	-5.175337	2.242319	5.308328	3.746964	0.855927	-6.078809	4.678075	0.637408	7.200640	-2.802148
13	1	6.783982	-1.330215	3.166841	3.183929	-3.410260	0.152851	-5.005210	2.664174	-0.903514	1.763520	5.270578	-5.986488	5.672591	-1.301245	-0.232211	4.877676	-4.190652	-3.901773	3.070064	0.516411	3.187414	-6.245015	-0.092553	-0.752650	2.656643	-4.979731	0.869773	2.181260	6.050879	3.379224
14	1	4.856544	2.429948	6.463756	1.879513	6.559133	-4.184515	3.992755	-3.909203	5.917923	-5.041406	-7.693772	6.533678	-3.891684	-2.638424	-0.155303	6.909929	0.657505	7.755457	-3.157659	6.683133	-9.061210	3.048490	6.399974	6.740366	-3.553474	2.362380	1.218334	-6.007622	1.730463	-0.960955
15	1	7.428518	7.937530	2.068269	-4.374657	-1.134190	3.807865	1.058699	4.441873	0.550451	0.855577	4.096567	4.277853	0.365489	4.651885	-4.215624	6.417842	-4.575071	5.126579	7.593961	-7.266055	3.158534	0.456707	6.654488	-8.142160	0.533182	1.128878	1.734035	0.119093	0.741660	3.752291
16	1	6.173107	4.794753	1.571688	4.177162	2.280205	2.498432	1.792444	6.919718	0.545326	0.449556	7.779221	-1.916545	5.030278	4.913453	-2.953135	3.139010	2.099073	3.642340	5.578212	-14.934519	7.896166	-8.043639	-2.235255	-7.143026	5.072570	-0.304708	2.822120	-1.304192	5.232515	-7.243345
17	1	8.914017	1.502090	1.973471	-2.198155	-9.449546	1.892448	5.051091	1.225525	5.483516	-1.000496	1.656272	-3.187665	-5.175151	6.423373	3.387803	5.568434	-0.934348	3.663548	5.183875	0.706305	1.622526	5.862131	7.126171	3.500804	0.751758	1.526283	5.890613	5.941125	4.067219	-1.315108
18	1	5.870666	5.547297	4.900768	4.738812	2.475987	3.782732	-3.404982	3.330196	-0.095689	-1.860342	4.817606	0.098356	3.742771	1.132772	3.909975	6.207185	4.742558	4.839309	1.964154	-1.608082	8.169457	-2.690527	-2.568297	-13.181941	6.392690	-1.170103	1.522820	3.256040	6.456004	-1.164560
19	1	7.685444	2.238106	5.030027	-5.628939	-8.388563	-0.059585	3.630097	-2.060941	2.636824	-2.408520	1.050967	-1.804992	-5.522402	3.496392	3.449493	6.082700	1.969733	2.237297	-0.131343	6.096078	-4.982040	4.576143	0.576456	4.311572	4.114231	2.378927	0.556436	0.900939	5.307137	-7.624702
20	1	6.147862	6.515615	6.197738	2.039026	5.374918	-6.159129	3.094752	1.928192	2.263305	2.506062	-1.017984	3.449884	2.667237	7.781444	0.245136	6.375336	-0.466560	1.094060	3.941919	7.756815	-0.728843	-5.883235	5.039541	6.796963	-4.354065	4.420786	6.311746	-4.290885	2.735656	-0.937868
21	1	6.929035	3.898433	3.480818	2.638690	-3.304132	2.293987	-2.724813	5.280101	-1.730613	2.263065	7.015098	-4.862445	0.766609	0.351566	2.205744	8.500879	-1.917429	2.836230	2.004034	-3.703549	6.865754	-3.827428	-1.833238	-3.773064	3.242817	-3.287151	0.845100	-0.892074	5.478851	-0.205761
22	1	7.414357	-0.145909	5.602034	2.548207	-1.305351	-2.877497	-6.359869	-1.772832	2.057980	4.310455	5.652170	-0.292942	2.124798	-1.954815	-2.838402	5.839450	-0.813733	3.642305	-7.179829	2.618848	-2.838438	4.070338	5.625252	-5.443974	-3.286917	-7.147998	-3.093542	0.599442	5.755126	4.777723
23	1	6.644091	7.189891	6.154594	4.637512	7.217065	-2.783238	-2.481568	-1.027236	0.509296	-1.708138	6.647573	1.840053	4.084591	-1.955437	-3.139581	8.038509	4.166839	0.662104	-0.999356	3.539123	0.005385	-3.997529	-1.463319	-5.421566	-0.839176	-3.964809	3.135585	-6.764118	6.255446	-0.747618
24	1	6.825301	4.034759	4.190665	1.103160	-0.281648	1.415357	-2.838079	2.450888	0.916052	4.132885	3.784760	2.918355	4.706619	1.767272	-3.898849	7.345446	-2.315533	5.234771	3.532780	-3.666275	0.406578	7.106100	5.707991	-6.052257	-8.833797	-8.253754	-1.605420	1.610443	2.875105	10.408583
25	1	3.486223	7.379892	6.552950	-0.395290	0.494487	1.738907	-5.405328	0.840712	-1.402672	-0.888541	-11.205583	3.073357	-4.018117	-9.794405	1.528210	3.977549	1.563468	2.628737	-2.804702	0.859813	1.232503	4.974969	6.539072	1.314084	3.080714	2.278495	3.315323	5.040164	-2.115350	4.362221
26	1	6.009401	4.422145	5.849699	7.519596	5.205070	-7.089196	-1.756472	-1.195696	0.682242	6.154811	-2.128643	0.599489	-5.148324	-1.035664	2.556071	7.289405	7.474637	1.757404	-1.680316	4.917890	-1.930587	-1.170904	2.478362	1.233793	-8.616109	-1.108084	6.078944	-4.216397	6.148670	-2.610063
27	1	3.768826	1.017450	7.167949	2.701352	5.026824	-3.765300	-1.078092	-4.993302	-0.242812	-6.390740	-2.731978	2.163366	-1.492777	-7.234193	5.730923	6.687981	-2.578642	5.472718	-5.307486	8.475326	-5.637872	-0.990016	-5.335998	4.117816	4.293050	-1.466332	4.517504	-8.784001	5.520899	1.317633
28	1	5.214434	5.251010	5.723841	5.794116	4.433392	3.436210	0.976201	7.027153	-3.302989	4.385953	-1.222137	-2.474379	6.564304	2.066545	2.729501	7.542233	5.195769	0.757138	-3.355140	-0.564076	6.593445	-10.118725	3.617072	1.752223	-1.792849	-1.238425	8.302275	-1.152465	4.812360	-2.682865
29	1	7.198267	5.076192	5.814118	2.166234	4.151240	-1.237269	5.103766	3.020051	3.519881	5.216453	-2.408292	-0.137490	0.377329	7.119047	-0.970784	5.433322	4.778300	1.159933	-0.237310	6.545139	2.621679	-0.599884	3.950523	6.945244	-8.400508	2.244528	7.773457	-7.663882	4.581936	-7.795896
30	1	8.714618	3.442059	4.637399	-4.252719	-3.859959	1.081746	0.783289	0.961734	2.586130	0.542381	-2.976411	-6.912684	-3.301748	0.650353	0.704988	4.833102	0.424107	-1.739146	5.505410	4.068153	-2.583746	2.989457	-2.442998	3.030381	9.454974	-0.405174	2.154121	2.945774	8.060976	-8.884944
31	1	7.126040	4.643138	6.816862	3.403379	3.520766	-1.665620	2.775996	-2.484845	4.668824	1.804363	-0.316604	-0.535042	-0.974089	1.436053	1.443694	6.948971	4.414619	5.559447	-2.380677	7.167625	-5.912256	-2.521850	0.853586	5.002970	-0.776315	1.506583	6.387598	-2.402004	5.854516	-1.190228
32	1	6.548895	2.099045	5.869872	6.447539	6.371155	-2.181359	2.176033	-7.103367	3.645368	-4.867623	3.386412	2.177200	-0.173378	0.048607	-0.396303	8.091991	-6.846101	6.258705	-10.047276	7.318282	-4.660361	-0.013492	-1.407206	5.527959	-1.381739	-3.179085	1.480927	-8.940927	5.142631	-0.510457
33	1	4.848865	6.385947	7.019636	5.284818	2.926553	-0.781893	1.340906	-1.939078	-2.144752	-2.482762	2.796192	-1.885558	2.519740	-2.845230	0.539168	6.497198	5.460607	1.757703	-10.104467	4.797615	-0.290670	0.208348	-2.582550	3.945183	6.728339	1.766213	0.433626	-0.607034	7.034933	-9.282526
34	1	6.451857	1.225992	4.305197	-3.474058	-1.990792	6.145739	-1.669821	7.032779	-0.682825	8.263164	-3.252278	-0.158768	-2.828424	-0.226296	6.691279	6.171952	0.253464	3.237715	8.135330	-4.662249	-2.169348	-2.451932	-0.742365	-3.756576	3.201133	-1.640092	4.354463	-2.240792	6.255522	1.082612
35	1	6.757699	2.664651	7.404169	-3.712147	-0.920601	0.579109	-0.458817	0.901132	3.705797	0.498684	-6.716268	3.025564	-3.471027	0.345586	2.634202	4.870033	3.471948	6.408920	0.692412	4.823822	1.133771	9.325135	7.336976	4.756982	-1.042636	1.532988	2.381878	-5.018707	1.510986	-1.070148
36	1	1.031722	6.633497	7.722877	6.571347	4.885062	-5.116992	-4.303720	-3.230935	-1.190259	-2.275338	-7.957388	2.482975	2.845557	-4.682713	5.393119	6.031329	1.905572	2.349555	-11.540392	6.315697	-4.337203	-4.214822	-3.767819	1.635616	1.580185	-0.715226	5.151035	-4.012412	5.731791	-0.565824
37	1	7.134413	5.421714	5.765705	5.318408	3.120308	-0.386301	-0.730627	0.303143	6.200264	1.324486	0.118586	2.820135	0.591974	-2.107709	-4.271405	6.838383	-0.022996	4.069595	-9.439935	5.424342	1.457204	-1.856331	4.118212	5.668014	-2.962624	-5.819024	6.287991	0.275426	1.734041	0.074211
38	1	7.956442	6.678827	1.983002	-5.283327	-4.113788	0.876395	2.663946	2.691906	5.623369	5.205666	-1.339512	-0.346263	-2.245323	7.044704	2.239322	5.911264	5.543458	4.699252	7.622271	5.118046	-2.582786	1.798822	5.502118	5.362683	-0.163057	1.467344	6.220714	2.676359	6.996947	-5.825020
39	1	4.580959	8.459933	6.586073	5.548592	6.382684	0.066775	-0.861674	0.065449	-8.777620	2.564358	4.833904	1.385256	5.381182	-3.108954	1.087258	9.324661	1.766457	2.151690	-9.365998	0.405378	1.306586	-6.702762	-0.645870	-6.532218	-4.664127	-1.732093	1.223530	-0.012758	3.441619	9.566380
40	1	8.040545	3.755994	3.119402	-1.944059	-1.820177	3.319380	3.130389	0.563487	-1.118698	6.064395	1.562927	1.739811	-2.975671	2.095163	5.481451	7.049874	-7.514585	3.950426	0.394097	-0.497997	1.913912	6.116512	4.928110	1.665818	-7.742238	0.586931	4.002889	-0.875718	1.137491	4.878176
41	1	6.526588	4.977941	1.799453	-0.955957	-6.354813	5.900592	-4.183843	5.252224	-0.643123	1.999183	0.859684	4.165950	0.601231	2.294506	-1.447904	6.924249	-5.934868	1.864429	4.966183	-12.766396	1.266022	-0.300239	3.532142	-5.726832	3.402726	-2.986294	0.539100	-6.322472	0.399995	10.671929
42	1	5.959276	2.864634	6.356329	5.217977	5.542553	-7.052651	2.981965	-6.118244	-4.305648	-0.031003	-0.229290	-1.270786	-5.431537	0.110064	4.972613	5.452734	3.643586	1.000942	-8.118282	7.672648	-7.171391	-3.331168	-0.111145	4.394777	-7.529781	5.803534	6.327345	-9.660102	0.615877	-3.082733
43	1	5.206830	6.889344	6.058567	4.209594	6.757753	-3.352608	-3.555467	-2.942598	1.639591	0.293217	5.794398	4.734599	2.338219	-5.886948	-0.793693	6.869363	-0.372226	4.248013	-5.083866	2.440126	-1.236428	-4.929020	3.073736	-8.670105	-4.944811	-9.688056	-0.397688	-7.853975	1.857624	4.872646
44	1	7.915794	1.740571	3.347094	-3.933301	-0.044517	2.431439	4.796791	2.555935	-1.920472	6.336040	2.302649	0.435001	-1.610860	5.459472	2.791112	7.560004	4.902706	3.170255	6.260840	-0.658356	0.437696	1.125901	6.180989	0.270546	-2.547944	5.254160	4.631760	4.642553	6.470690	-7.781886
45	1	6.648370	6.352786	4.953907	0.714495	1.623508	-0.630765	-4.387923	1.014834	3.482056	3.150667	2.107300	-1.818786	4.496961	-8.653782	4.720465	3.402664	2.127625	-1.029029	6.584309	0.810408	-0.078241	-0.060722	2.343893	-4.163615	4.022579	-8.075517	-1.131818	1.465872	6.496582	7.796539
46	1	7.139730	-1.036628	1.747771	1.944637	-4.605046	5.217670	-7.589587	4.103180	-1.512537	0.197068	5.215729	-1.859588	8.731979	2.182642	-3.914485	9.334367	-6.105822	2.179452	6.034774	-2.418901	-0.805464	-2.929670	6.369404	-10.592557	-0.630584	-4.057826	0.310955	-5.246775	2.358712	7.927929
47	1	3.093372	1.125840	6.378288	5.433012	6.382092	0.689193	-2.351336	-2.122885	-7.298968	-0.727032	0.377472	-3.305309	1.406832	-5.548031	6.280833	6.755454	1.723224	2.819402	-8.520399	-3.050401	0.258752	-2.340339	1.447128	-2.424530	4.570949	-1.039175	8.691235	3.368938	5.911133	3.421352
48	1	6.465877	5.931340	4.210756	1.620036	1.121750	-0.770381	2.842368	-0.467015	6.155422	-0.022258	3.495796	0.279528	1.718595	-1.435065	-1.606988	7.556625	2.000782	4.540036	0.763369	1.731040	-5.231520	5.474381	-2.588765	0.873285	4.234935	-0.440639	-0.895676	4.475398	6.098382	2.701160
49	1	7.628412	2.651513	5.687087	2.462167	5.929081	-2.897009	2.345018	-10.219647	4.911458	4.991656	2.452414	-1.184404	-0.299987	2.361394	3.309605	6.608225	-0.090767	0.034865	-2.044562	2.749154	-9.177175	-1.841079	3.522624	0.155679	-10.783280	-1.628833	1.775467	-1.814396	7.688317	1.081733
50	1	8.208691	-1.454570	0.311657	-1.426681	-9.402891	4.561580	3.997890	1.690514	-4.145884	-1.834435	0.361190	-4.833652	-1.617231	4.156732	-2.069142	8.259744	-8.518322	1.222983	6.455906	-7.458795	4.182074	-0.297906	6.108397	1.277607	1.683214	-1.967316	6.067677	2.605883	9.261163	3.618826
51	1	7.615012	1.566826	4.158202	-5.915416	-7.765614	5.004639	0.963729	0.712684	-4.417525	0.370541	-1.776328	-3.466390	-3.812915	5.432417	1.284416	6.224732	-2.339192	3.888032	4.513958	-3.515462	0.773934	5.474216	0.465499	-1.531171	2.615430	4.934558	2.358840	5.823272	4.954376	-5.450099
52	1	4.976742	4.432654	4.408908	2.250013	5.186592	1.149432	3.274090	3.607814	2.359777	-1.634446	5.420462	-1.481752	7.374116	4.722879	-0.914731	5.281581	5.827097	2.952048	3.773762	-2.334617	2.011650	-5.384724	4.147720	-2.020540	1.635727	-1.460488	0.874793	4.536648	4.639062	-0.146071
53	1	1.078162	6.928347	3.750230	7.811255	1.898516	6.119097	-8.578828	5.098238	-3.519682	-4.002577	-0.311299	-1.174242	5.032939	-4.476691	2.164768	8.990596	5.897422	-2.557877	2.196770	-6.554678	7.052218	-6.857430	-6.522937	-6.015187	4.035880	-1.812196	6.935779	1.173129	6.257807	4.386034
54	1	6.157823	2.274898	2.537953	-0.277706	-13.090388	4.559943	2.273683	4.405948	-2.792808	1.706134	-0.265673	0.698429	3.133089	5.576145	-0.028722	6.496959	-3.169106	6.037545	5.470221	-6.161348	1.499856	2.397107	1.119772	0.646752	2.313018	0.552389	0.923786	5.942382	3.538858	-5.478988
55	1	7.133946	6.116133	4.621950	1.276187	3.516725	-1.887484	8.246661	2.458211	3.010889	7.093786	4.455760	0.646236	-1.259322	8.150090	-7.090272	7.392335	3.576352	-0.371050	4.533715	3.860896	0.340154	3.383131	4.330108	0.972855	-6.287055	0.732636	-1.893622	-0.157363	8.600090	-2.221574
56	1	3.976927	6.532064	4.405166	0.848914	1.498729	3.433468	-1.953336	6.279209	-2.367041	0.614753	-2.448255	2.684506	4.728204	-5.208935	-0.305100	7.644196	4.673958	4.491154	3.701713	-6.473605	6.529224	-0.355871	2.830318	-4.528719	2.367756	0.571655	8.288817	3.873834	3.380139	4.180643
57	1	7.081756	5.442629	5.947492	5.694276	4.496364	-3.093287	1.449586	0.046368	1.410819	0.377193	4.327242	-2.367756	1.548909	1.850669	5.132769	7.884019	7.952229	-4.098267	-2.974976	2.433393	-0.022831	-1.012494	2.504454	-2.040284	-4.690283	2.082907	1.571368	-3.968203	6.579556	-6.132345
58	1	7.583837	1.760469	1.881008	-5.009096	-7.302263	6.754477	-0.571589	4.519335	-4.382208	3.757771	0.007883	7.170574	-2.536676	0.882810	-3.626108	7.113883	-9.649022	7.707602	6.383560	-8.184703	-0.585828	0.896441	5.108185	-0.423175	-0.149216	6.577612	4.143259	-4.110813	-0.501416	-0.660142
59	1	7.116633	6.563193	3.096169	-2.295305	-0.961617	4.509604	1.958493	-0.515415	-5.909563	-1.452923	0.435768	-0.371211	-12.237601	1.944392	4.240338	9.138439	6.275637	-0.971676	4.973642	-1.372928	-3.434510	3.708791	1.173641	1.641299	8.875175	-1.179216	-0.306371	1.968586	7.968256	-2.514133
60	1	5.382239	6.427611	3.761222	1.408739	4.980664	-0.109828	-1.002024	5.267647	-4.487620	1.756918	-1.479272	-3.027661	5.833485	-0.205536	2.465434	9.629989	3.736909	-0.038316	6.650353	0.018720	0.712175	-3.560125	0.646003	-1.885093	4.878818	-0.248691	6.270441	-0.035024	5.003947	0.908468
61	1	8.502004	2.193773	3.224113	-0.178103	-6.512813	4.205431	-0.904144	4.876445	3.313598	5.123285	0.582516	3.262420	1.045532	3.160963	0.480588	5.653979	2.307517	6.965473	5.884810	-8.824166	4.768236	1.706434	4.121607	-8.032679	-1.856124	-3.557603	2.709279	4.189838	2.650593	6.231792
62	1	7.072094	3.765731	3.451551	1.358789	2.889586	1.443173	3.295150	1.182450	1.420445	5.175994	2.309916	5.910700	5.542354	4.193254	-1.619697	6.471328	-7.389469	3.657036	3.572207	-4.560479	1.672058	-2.949463	0.214482	-0.873204	-3.624580	0.955411	1.713518	4.857235	4.574712	-1.391688
63	1	5.684928	8.689572	9.479071	1.018880	1.256349	-4.566217	2.903112	-3.569572	6.429784	-2.097447	-0.361008	5.731907	-1.331869	-4.047976	2.420871	6.465437	4.381722	1.387698	-9.246422	6.207555	-3.053108	3.704746	7.525900	4.765886	-2.026086	4.134090	3.036367	-3.259096	-0.815340	-0.316249
64	1	7.245267	5.382057	7.849161	1.611293	6.004011	-2.456919	6.696838	-9.859863	1.733316	0.232704	0.826837	1.776871	-2.511427	-0.760767	2.957963	6.686078	5.803183	1.392668	-5.923970	6.187530	-3.951325	-1.867220	6.841571	5.699182	0.281957	1.189141	4.503198	-2.416451	6.488596	-1.502219
65	1	5.959582	7.328460	5.860661	5.933857	5.772237	-7.111295	-0.708017	-5.819900	-0.636320	-0.956248	1.460888	-1.231984	0.193781	-6.561682	7.017781	7.453210	6.959627	1.183893	-4.150636	8.856751	-5.658858	-3.833524	-6.194823	5.567905	3.886623	1.741616	0.967964	-2.851882	6.222904	-7.465227
66	1	7.084771	8.217068	5.283382	-0.054003	-0.443016	-0.257468	-0.479541	4.417850	3.257786	6.135076	-2.074482	-3.924776	2.080753	1.249890	1.287605	3.977618	6.329818	-3.585451	4.066489	0.035912	2.317959	-2.314489	6.142753	4.831896	-5.205270	1.190088	6.392441	1.338708	5.472217	4.595128
67	1	8.726843	-0.642488	5.212698	0.804059	-4.425238	-4.011757	0.291555	-1.331543	3.020497	3.471218	-6.851391	0.345418	-4.991125	-1.524367	0.956627	7.517226	0.366519	5.237014	0.277215	-0.077117	-2.679656	4.899151	4.926296	-1.338291	-2.572712	-3.877847	5.449941	5.682426	5.124903	9.272057
68	1	5.997504	8.082880	5.072113	8.084866	1.833835	-1.812679	-7.506416	-5.928847	3.815253	-5.797921	2.314606	0.646591	0.300754	-4.881017	-5.990265	8.265957	5.169507	0.697790	-5.238680	6.397722	-5.410010	-6.656550	-3.248334	3.153803	0.389283	-6.827192	1.129782	-2.539661	4.375557	0.552431
69	1	3.957229	3.369798	6.380993	2.616210	5.951899	0.026581	1.134096	-0.830815	1.838890	-8.185646	-5.431257	3.458320	2.275413	2.013365	-4.263739	2.271934	-5.108510	3.773908	-10.876273	2.959935	0.529449	-3.896762	-1.699059	2.539816	2.776080	3.930435	6.774462	-2.204613	-2.835970	-7.798331
70	1	6.576492	4.327080	3.130012	0.817810	-7.328654	4.826886	-2.237587	5.516455	-1.925307	1.500012	-4.357265	-3.717336	2.422099	2.745844	1.122583	6.985551	2.192732	-1.317144	8.122855	-7.423609	8.191215	-1.233349	6.012434	-2.132080	-1.129575	-0.111235	6.135396	1.370122	4.532357	1.161602
71	1	5.489737	3.393287	5.096119	4.433794	2.709204	5.353532	-3.062958	7.911685	-3.276789	1.283502	-1.245882	-8.772840	5.355338	-4.826198	-2.404949	6.699401	2.082172	2.105846	-1.339890	-4.672122	6.518113	-8.529485	-5.599432	-1.296028	6.006657	0.718973	5.474863	1.467951	5.992716	4.889261
72	1	6.446135	5.304848	2.101105	-1.980199	-0.548047	4.115431	1.949936	1.096601	-7.562824	-3.330521	2.695166	0.654988	0.542769	-0.749540	1.522346	9.794178	1.677483	5.471438	3.835046	-4.807855	4.143625	6.664199	1.124343	-0.171000	6.874477	5.102019	-0.336395	2.917228	4.526514	3.495679
73	1	7.330416	7.173997	5.842304	2.856647	1.120773	-3.133387	-1.008098	-2.181938	-1.828607	1.257574	5.018446	0.133761	0.770796	-7.143647	4.099998	6.340456	5.113889	1.390354	-8.125465	-1.215854	0.377850	1.566532	4.074960	-3.778565	-4.810696	-2.872191	1.594568	2.097167	3.601957	10.217136
74	1	3.931755	5.859455	7.681192	-2.066292	4.340788	-5.306897	2.683240	-0.771467	3.337535	-4.094139	-7.816998	5.427274	-0.539469	-2.451683	3.349391	4.668456	1.166390	4.208343	0.504593	6.855997	-5.034005	-1.908726	5.545100	3.476410	0.107438	4.086382	6.226315	-6.786957	-4.395929	-1.633882
75	1	6.028375	6.685905	5.787990	4.241383	5.305463	-5.453005	0.551083	3.178700	4.185387	5.287872	3.532068	0.043968	7.335714	-1.403858	-1.147641	7.021743	8.020610	0.477740	-3.747128	-1.110223	1.560958	-2.949275	-0.508804	-0.743946	-10.864246	-11.369935	1.783647	0.519143	6.465428	5.213856
76	1	8.557325	-0.209815	2.085821	2.379977	2.423297	-2.409214	5.172964	0.013575	7.338172	-2.119244	3.345484	-0.839059	-3.082562	3.643471	5.910413	6.977790	-4.669736	2.525558	1.713990	2.971636	2.626498	-0.863954	1.174779	3.958531	2.591321	-7.759352	0.097361	0.919369	6.896138	-0.206149
77	1	7.873950	1.323372	3.685883	-5.565505	-0.273380	0.696334	0.627246	-1.497335	6.435042	-5.513685	0.474184	-5.749360	-2.861251	1.692404	2.719458	5.453134	1.071009	3.476634	0.127347	0.103971	-2.970367	5.555810	2.723722	4.245743	9.250587	0.778668	-2.639868	3.891651	4.729233	-0.243378
78	1	7.206396	6.745665	4.252951	4.515625	-0.164219	4.805954	-0.157403	7.303113	2.393870	3.551195	6.378413	-2.721412	5.124562	-1.848254	-2.529759	6.667505	7.148935	-1.630105	1.350856	-4.159445	9.102793	-3.253187	2.421371	-9.011088	-0.334244	-10.709688	2.567155	6.714675	6.285347	3.297647
79	1	5.815459	7.473224	3.612701	3.256640	-0.739059	4.994706	-4.085806	5.553247	-1.639178	0.192837	6.851846	-3.038721	4.099393	0.659568	-0.270089	6.070535	6.702005	-2.445257	1.155324	-8.079037	7.553438	-3.291475	-2.405098	-5.359400	5.178841	-10.609779	-1.573712	-1.827725	6.136005	-3.322340
80	1	1.309812	9.573672	7.440435	5.459057	6.906375	-2.754348	-4.785059	-2.719297	0.921397	-0.718964	-3.812985	0.711113	0.209639	-6.249525	3.267090	5.082751	5.141586	2.600175	-5.433852	2.999766	1.466482	-0.838457	-4.513361	-1.445637	5.022752	-1.972443	0.031495	-5.907859	6.435691	-8.570360
81	1	6.451954	8.854563	4.163933	3.814454	0.589215	0.616829	2.788280	2.304546	8.439056	6.020246	4.527280	-4.547279	4.586065	1.808935	-3.137225	6.006517	5.525059	-7.325188	-4.517720	3.772079	6.725391	-5.402161	3.376958	2.911036	-6.441229	-3.672222	5.969844	-2.681112	7.423269	-0.957101
82	1	5.802366	6.059298	0.117796	-5.180245	-4.769768	4.338380	-0.414390	6.130563	-2.072835	-0.540211	-0.959402	1.281890	-0.890441	-1.408093	0.428184	2.530410	-1.936324	3.351319	6.908828	-6.718028	3.058025	-2.647022	3.453849	-2.416271	1.341457	1.059417	6.631125	0.624794	0.883084	9.267382
83	1	6.503640	6.125783	6.504769	1.938023	0.316303	1.863206	-1.192981	-1.269867	0.229576	3.128585	-0.353424	-0.573288	-1.556226	-1.718757	6.614205	4.974521	4.211679	0.549847	-2.029283	1.200242	1.817899	-0.215715	-2.329015	1.043846	7.386316	-1.449435	0.993857	4.537037	6.199228	-2.060321
84	1	4.694681	2.266000	8.526887	5.590741	7.396827	-6.846383	-3.135426	-8.168970	1.032353	-3.358527	-6.570186	1.233743	5.519292	0.828550	-0.958134	5.920422	6.148585	4.189850	-11.263744	5.275141	-3.997961	-4.247116	-2.141623	2.447156	4.296359	-2.827146	2.688730	-4.905548	6.633782	-7.506750
85	1	8.039080	-1.958971	6.246004	2.715974	1.962133	-5.287531	4.625508	-7.207243	6.970261	-0.732419	2.157308	-2.352660	-2.282347	0.264254	2.469642	3.075838	1.445580	1.019893	-3.139079	6.289700	-6.292397	-1.968538	4.885050	5.732893	0.367147	-6.861094	4.464299	-1.311778	5.369346	5.764404
86	1	8.043989	0.520461	2.841550	2.153912	-0.203968	1.781815	-3.071325	3.580931	0.742142	3.151620	5.565687	-4.908280	5.173852	3.697303	-2.778727	7.102682	-5.918632	-1.397814	3.677608	-7.602120	4.505241	-1.239493	2.785365	-3.138919	-1.401090	-2.835444	-0.497833	2.560586	7.686080	-1.299600
87	1	7.940584	1.938388	3.046777	6.391428	-2.398376	2.996481	-2.068258	2.266176	-5.005445	-2.537735	6.562609	-8.002055	-2.426241	2.799092	1.676360	8.095811	4.863869	1.867050	1.761039	-11.144094	0.911056	-1.550353	-0.872095	-3.932141	2.700753	-0.735471	2.247775	1.382577	8.556680	-5.400847
88	1	3.525158	5.702610	5.352969	5.035505	5.874977	-0.746245	-0.688097	-2.201069	-1.459900	-5.609407	6.788197	3.305956	2.049881	-1.201999	1.123022	8.345524	-1.221625	4.133540	-4.538874	-0.238675	-2.908544	-1.126445	4.637014	-5.676067	-6.929534	1.466371	3.755054	-3.775978	2.708553	0.583470
89	1	7.285875	3.564408	2.026990	-4.967825	-5.694652	2.097000	1.559684	0.916794	2.690372	-0.071414	1.894796	1.582103	-2.145769	4.311746	2.220210	7.421886	-3.029422	2.834747	7.002138	-5.241984	-6.468867	6.745477	1.245783	-3.423022	7.728213	-2.021124	-10.173192	5.247817	4.908052	-5.736072
90	1	8.501928	4.680032	1.229129	0.598820	-2.968520	-1.615308	2.463226	-4.212481	-0.394649	-5.850217	2.201432	1.308005	-9.773762	0.934122	4.012028	7.790969	2.685297	2.964538	2.439533	-6.796564	-11.530076	5.990481	2.915306	3.354350	1.722727	0.716520	-3.939944	4.634098	4.608854	5.972666
91	1	8.025542	0.443605	-1.441057	-2.176223	-9.959726	1.992185	-0.202859	2.834389	1.187876	-0.814611	0.471086	-1.237841	-0.831007	-0.317187	0.425236	7.699364	-3.520038	1.926261	7.368714	-6.988001	-0.479971	0.637503	1.940005	-6.726244	4.140139	1.991650	8.676960	5.159149	6.942868	-0.935533
92	1	6.963777	2.080301	1.260722	-2.841247	-7.086478	0.154291	-1.065299	-0.023918	4.838956	0.587001	0.646441	-2.216737	-9.059653	-4.394867	-4.206438	7.954929	-3.726255	2.043770	4.411949	-0.713952	-7.158498	6.168354	1.022835	3.631258	5.598671	-7.367064	2.110595	5.012370	3.914954	2.034099
93	1	7.878006	1.653811	1.548258	2.447183	-2.578155	3.697312	0.069983	-1.001214	0.181120	-3.003908	8.489706	1.976590	-1.739220	0.127812	4.190667	6.443369	-7.569564	5.757049	2.424655	-9.753346	3.138256	6.958224	-1.540459	-7.045488	6.450132	-0.135943	-4.681717	6.037415	4.887259	6.195686
94	1	5.837813	1.693178	-0.561834	-2.260841	-0.242000	2.859431	-0.631077	5.784512	-5.497798	1.683225	-4.075156	2.609815	1.330598	1.346812	-9.503847	7.751060	-7.899513	7.236218	6.661247	-5.055627	4.462810	1.945241	3.344904	5.409766	-0.285503	1.044502	5.141721	1.579531	2.080131	9.881222
95	1	7.804665	1.386937	0.318825	-4.262737	-11.619932	2.862882	-0.434792	-1.576344	1.386235	1.546179	-1.087598	-6.287986	-5.641986	0.412405	0.851442	6.454414	-5.432931	-0.015038	1.830945	-10.273872	-3.441366	7.106650	0.695062	0.167625	4.559913	3.898675	1.757352	5.658665	8.378187	-7.292353
96	1	6.605028	4.346565	6.685651	1.600619	3.896206	-7.851240	6.415134	-3.627288	5.194036	-1.253705	0.228278	0.459354	3.241831	0.253002	-1.681368	6.877342	5.044501	1.147237	-3.467661	5.508826	-11.589920	4.564209	1.743956	4.785207	3.596053	4.432434	0.914185	0.148195	7.834474	-10.258123
97	1	6.910251	0.724558	8.437741	6.011123	4.151106	-4.665451	0.488545	-10.693463	0.707210	1.101161	-3.477268	0.722460	1.324212	-2.424443	1.991572	6.546035	1.370752	5.016712	-5.098492	7.799792	-3.446648	-4.611561	0.449579	4.843072	-1.769648	1.698937	6.999684	-4.311336	6.180735	-5.085663
98	1	6.169222	5.865749	5.477015	-7.891545	1.220647	0.455879	5.741478	-4.059432	6.620679	1.280062	4.290730	7.410147	-6.949583	2.616885	5.307237	4.968030	0.157697	4.098825	-3.072661	4.826444	-7.793863	5.115166	4.993007	5.467184	0.498133	-0.198684	-8.046163	-0.292819	6.326107	-2.231989
99	1	8.655671	-0.004147	0.263872	-3.211253	-11.735831	2.330124	0.081184	-1.715257	2.165951	-3.780156	-1.235056	-2.535779	-7.835522	1.261461	0.784092	7.619625	2.099712	1.153434	1.698518	0.507236	-2.540878	6.252828	2.304197	5.152558	9.524164	2.011430	0.309806	4.847960	7.689270	2.071618
100	1	6.598015	2.426979	1.172753	-3.549200	-10.600375	-0.946481	0.731944	-2.779883	4.455144	-5.845614	-3.101324	-3.208609	-6.357347	1.698006	4.804748	6.340895	-1.617294	4.488128	0.994348	-0.365244	-11.382539	7.763385	1.244678	0.037335	9.820354	1.975571	2.460261	6.644962	6.740841	-0.928778
